2631200.0 110.0
2630200.0 110.95274304688029
2629200.0 111.90621083364098
2628200.0 112.86040418754824
2627200.0 113.81532393712656
2626200.0 114.77097091216338
2625200.0 115.72734594371038
2624200.0 116.68444986408528
2623200.0 117.6422835068764
2622200.0 118.6008477069416
2621200.0 119.56014330041484
2620200.0 120.52017112470489
2619200.0 121.48093201850051
2618200.0 122.44242682177116
2617200.0 123.40465637577049
2616200.0 124.3676215230377
2615200.0 125.3313231074011
2614200.0 126.29576197398089
2613200.0 127.26093896918943
2612200.0 128.22685494073585
2611200.0 129.19351073762815
2610200.0 130.16090721017525
2609200.0 131.12904520998947
2608200.0 132.09792558998896
2607200.0 133.06754920440085
2606200.0 134.0379169087633
2605200.0 135.00902955992763
2604200.0 135.98088801606187
2603200.0 136.95349313665204
2602200.0 137.9268457825061
2601200.0 138.90094681575516
2600200.0 139.8757970998566
2599200.0 140.85139749959689
2598200.0 141.8277488810935
2597200.0 142.8048521117979
2596200.0 143.7827080604987
2595200.0 144.76131759732252
2594200.0 145.74068159373832
2593200.0 146.72080092255916
2592200.0 147.70167645794518
2591200.0 148.6833090754053
2590200.0 149.66569965180096
2589200.0 150.6488490653484
2588200.0 151.63275819562023
2587200.0 152.6174279235504
2586200.0 153.60285913143386
2585200.0 154.58905270293144
2584200.0 155.57600952307223
2583200.0 156.5637304782551
2582200.0 157.5522164562517
2581200.0 158.54146834621008
2580200.0 159.531487038657
2579200.0 160.5222734254991
2578200.0 161.5138284000281
2577200.0 162.50615285692106
2576200.0 163.4992476922451
2575200.0 164.4931138034586
2574200.0 165.48775208941447
2573200.0 166.48316345036363
2572200.0 167.47934878795593
2571200.0 168.47630900524487
2570200.0 169.47404500668821
2569200.0 170.47255769815317
2568200.0 171.47184798691686
2567200.0 172.47191678167042
2566200.0 173.47276499252175
2565200.0 174.47439353099708
2564200.0 175.47680331004537
2563200.0 176.47999524404003
2562200.0 177.48397024878153
2561200.0 178.48872924150137
2560200.0 179.49427314086302
2559200.0 180.5006028669672
2558200.0 181.50771934135219
2557200.0 182.5156234869982
2556200.0 183.5243162283299
2555200.0 184.53379849121865
2554200.0 185.54407120298595
2553200.0 186.55513529240602
2552200.0 187.56699168970937
2551200.0 188.57964132658384
2550200.0 189.5930851361798
2549200.0 190.60732405311091
2548200.0 191.62235901345858
2547200.0 192.6381909547738
2546200.0 193.65482081608053
2545200.0 194.67224953787866
2544200.0 195.6904780621469
2543200.0 196.70950733234446
2542200.0 197.7293382934164
2541200.0 198.74997189179442
2540200.0 199.77140907540075
2539200.0 200.79365079365056
2538200.0 201.81669799745603
2537200.0 202.84055163922727
2536200.0 203.8652126728777
2535200.0 204.89068205382495
2534200.0 205.9169607389951
2533200.0 206.94404968682545
2532200.0 207.97194985726685
2531200.0 209.0006622117873
2530200.0 210.03018771337454
2529200.0 211.06052732654007
2528200.0 212.09168201732052
2527200.0 213.1236527532821
2526200.0 214.15644050352304
2525200.0 215.190046238676
2524200.0 216.2244709309123
2523200.0 217.2597155539451
2522200.0 218.29578108303002
2521200.0 219.3326684949721
2520200.0 220.3703787681249
2519200.0 221.40891288239632
2518200.0 222.44827181925098
2517200.0 223.4884565617125
2516200.0 224.52946809436747
2515200.0 225.57130740336817
2514200.0 226.61397547643645
2513200.0 227.65747330286536
2512200.0 228.7018018735239
2511200.0 229.74696218085816
2510200.0 230.7929552188972
2509200.0 231.83978198325372
2508200.0 232.8874434711287
2507200.0 233.93594068131375
2506200.0 234.98527461419465
2505200.0 236.03544627175478
2504200.0 237.08645665757695
2503200.0 238.13830677684925
2502200.0 239.19099763636552
2501200.0 240.24453024453007
2500200.0 241.29890561136065
2499200.0 242.35412474849068
2498200.0 243.41018866917503
2497200.0 244.46709838829005
2496200.0 245.52485492233885
2495200.0 246.58345928945477
2494200.0 247.64291250940263
2493200.0 248.70321560358437
2492200.0 249.76436959504105
2491200.0 250.8263755084564
2490200.0 251.88923437015936
2489200.0 252.95294720812944
2488200.0 254.01751505199763
2487200.0 255.08293893305154
2486200.0 256.14921988423714
2485200.0 257.2163589401637
2484200.0 258.28435713710644
2483200.0 259.35321551300933
2482200.0 260.422935107489
2481200.0 261.49351696183874
2480200.0 262.56496211903004
2479200.0 263.63727162371873
2478200.0 264.7104465222453
2477200.0 265.78448786264033
2476200.0 266.859396694628
2475200.0 267.9351740696278
2474200.0 269.01182104075974
2473200.0 270.08933866284656
2472200.0 271.16772799241846
2471200.0 272.24699008771495
2470200.0 273.32712600869013
2469200.0 274.408136817014
2468200.0 275.4900235760781
2467200.0 276.5727873509974
2466200.0 277.65642920861467
2465200.0 278.7409502175036
2464200.0 279.8263514479731
2463200.0 280.9126339720686
2462200.0 281.99979886357914
2461200.0 283.08784719803737
2460200.0 284.1767800527249
2459200.0 285.26659850667636
2458200.0 286.3573036406816
2457200.0 287.44889653728956
2456200.0 288.5413782808131
2455200.0 289.6347499573304
2454200.0 290.7290126546908
2453200.0 291.82416746251715
2452200.0 292.9202154722096
2451200.0 294.01715777694875
2450200.0 295.1149954717011
2449200.0 296.2137296532198
2448200.0 297.313361420052
2447200.0 298.41389187253856
2446200.0 299.51532211282006
2445200.0 300.6176532448411
2444200.0 301.72088637435166
2443200.0 302.8250226089125
2442200.0 303.93006305789845
2441200.0 305.03600883250226
2440200.0 306.1428610457379
2439200.0 307.25062081244425
2438200.0 308.3592892492899
2437200.0 309.4688674747757
2436200.0 310.57935660923897
2435200.0 311.69075777485756
2434200.0 312.80307209565285
2433200.0 313.9163006974942
2432200.0 315.0304447081026
2431200.0 316.1455052570548
2430200.0 317.2614834757866
2429200.0 318.3783804975964
2428200.0 319.4961974576503
2427200.0 320.6149354929843
2426200.0 321.7345957425094
2425200.0 322.8551793470149
2424200.0 323.9766874491731
2423200.0 325.0991211935418
2422200.0 326.22248172656884
2421200.0 327.3467701965967
2420200.0 328.47198775386516
2419200.0 329.59813555051653
2418200.0 330.72521474059783
2417200.0 331.8532264800673
2416200.0 332.9821719267957
2415200.0 334.1120522405713
2414200.0 335.2428685831053
2413200.0 336.37462211803324
2412200.0 337.5073140109206
2411200.0 338.6409454292664
2410200.0 339.7755175425078
2409200.0 340.91103152202265
2408200.0 342.0474885411352
2407200.0 343.184889775119
2406200.0 344.3232364012017
2405200.0 345.462529598568
2404200.0 346.6027705483657
2403200.0 347.74396043370723
2402200.0 348.8861004396763
2401200.0 350.0291917533295
2400200.0 351.17323556370275
2399200.0 352.3182330618142
2398200.0 353.4641854406677
2397200.0 354.61109389525865
2396200.0 355.75895962257675
2395200.0 356.90778382161125
2394200.0 358.0575676933541
2393200.0 359.20831244080443
2392200.0 360.36001926897325
2391200.0 361.51268938488727
2390200.0 362.6663239975932
2389200.0 363.82092431816164
2388200.0 364.9764915596923
2387200.0 366.13302693731623
2386200.0 367.29053166820324
2385200.0 368.4490069715627
2384200.0 369.60845406865036
2383200.0 370.76887418277136
2382200.0 371.9302685392851
2381200.0 373.09263836560973
2380200.0 374.25598489122547
2379200.0 375.42030934767956
2378200.0 376.5856129685915
2377200.0 377.7518969896554
2376200.0 378.91916264864665
2375200.0 380.08741118542383
2374200.0 381.2566438419354
2373200.0 382.42686186222323
2372200.0 383.598066492426
2371200.0 384.7702589807853
2370200.0 385.94344057764863
2369200.0 387.11761253547513
2368200.0 388.2927761088386
2367200.0 389.46893255443405
2366200.0 390.64608313108005
2365200.0 391.8242290997234
2364200.0 393.00337172344604
2363200.0 394.1835122674662
2362200.0 395.36465199914494
2361200.0 396.54679218799157
2360200.0 397.729934105665
2359200.0 398.91407902598104
2358200.0 400.09922822491734
2357200.0 401.28538298061443
2356200.0 402.47254457338494
2355200.0 403.6607142857142
2354200.0 404.8498934022677
2353200.0 406.0400832098945
2352200.0 407.23128499763135
2351200.0 408.4235000567085
2350200.0 409.6167296805539
2349200.0 410.8109751647975
2348200.0 412.0062378072769
2347200.0 413.2025189080403
2346200.0 414.39981976935337
2345200.0 415.59814169570257
2344200.0 416.79748599380014
2343200.0 417.99785397258944
2342200.0 419.19924694324817
2341200.0 420.4016662191954
2340200.0 421.60511311609497
2339200.0 422.80958895185955
2338200.0 424.0150950466577
2337200.0 425.2216327229161
2336200.0 426.42920330532684
2335200.0 427.63780812085
2334200.0 428.8474484987208
2333200.0 430.0581257704522
2332200.0 431.269841269841
2331200.0 432.48259633297374
2330200.0 433.69639229822883
2329200.0 434.9112305062845
2328200.0 436.12711230012144
2327200.0 437.34403902502885
2326200.0 438.5620120286097
2325200.0 439.78103266078483
2324200.0 441.00110227379815
2323200.0 442.2222222222222
2322200.0 443.44439386296216
2321200.0 444.66761855526255
2320200.0 445.8918976607105
2319200.0 447.1172325432414
2318200.0 448.3436245691442
2317200.0 449.57107510706675
2316200.0 450.79958552801986
2315200.0 452.0291572053837
2314200.0 453.2597915149118
2313200.0 454.49148983473725
2312200.0 455.72425354537626
2311200.0 456.95808402973506
2310200.0 458.1929826731143
2309200.0 459.42895086321374
2308200.0 460.6659899901387
2307200.0 461.90410144640373
2306200.0 463.1432866269392
2305200.0 464.38354692909587
2304200.0 465.62488375265036
2303200.0 466.86729849980975
2302200.0 468.11079257521783
2301200.0 469.35536738596
2300200.0 470.60102434156846
2299200.0 471.8477648540279
2298200.0 473.0955903377797
2297200.0 474.3445022097293
2296200.0 475.5945018892495
2295200.0 476.8455907981874
2294200.0 478.0977703608685
2293200.0 479.35104200410296
2292200.0 480.60540715719145
2291200.0 481.8608672519286
2290200.0 483.11742372261074
2289200.0 484.3750780060406
2288200.0 485.6338315415318
2287200.0 486.89368577091557
2286200.0 488.15464213854534
2285200.0 489.41670209130393
2284200.0 490.679867078606
2283200.0 491.94413855240765
2282200.0 493.20951796720766
2281200.0 494.4760067800572
2280200.0 495.74360645056197
2279200.0 497.0123184408899
2278200.0 498.28214421577604
2277200.0 499.55308524252825
2276200.0 500.8251429910333
2275200.0 502.09831893376185
2274200.0 503.37261454577424
2273200.0 504.6480313047267
2272200.0 505.9245706908764
2271200.0 507.202234187088
2270200.0 508.48102327883845
2269200.0 509.7609394542233
2268200.0 511.0419842039628
2267200.0 512.3241590214066
2266200.0 513.6074654025405
2265200.0 514.8919048459926
2264200.0 516.1774788530375
2263200.0 517.4641889276033
2262200.0 518.7520365762783
2261200.0 520.0410233083148
2260200.0 521.3311506356367
2259200.0 522.6224200728449
2258200.0 523.9148331372224
2257200.0 525.2083913487421
2256200.0 526.5030962300708
2255200.0 527.7989493065761
2254200.0 529.0959521063324
2253200.0 530.3941061601279
2252200.0 531.6934130014672
2251200.0 532.9938741665818
2250200.0 534.2954911944335
2249200.0 535.5982656267199
2248200.0 536.9021990078834
2247200.0 538.2072928851142
2246200.0 539.5135488083577
2245200.0 540.8209683303214
2244200.0 542.1295530064801
2243200.0 543.4393043950818
2242200.0 544.7502240571546
2241200.0 546.0623135565129
2240200.0 547.3755744597634
2239200.0 548.6900083363107
2238200.0 550.0056167583645
2237200.0 551.3224013009457
2236200.0 552.6403635418926
2235200.0 553.9595050618673
2234200.0 555.2798274443605
2233200.0 556.6013322757005
2232200.0 557.9240211450586
2231200.0 559.2478956444534
2230200.0 560.5729573687603
2229200.0 561.8992079157158
2228200.0 563.2266488859253
2227200.0 564.5552818828678
2226200.0 565.8851085129044
2225200.0 567.2161303852838
2224200.0 568.5483491121472
2223200.0 569.8817663085383
2222200.0 571.2163835924073
2221200.0 572.5522025846171
2220200.0 573.8892249089527
2219200.0 575.227452192124
2218200.0 576.5668860637752
2217200.0 577.9075281564906
2216200.0 579.249380105801
2215200.0 580.5924435501901
2214200.0 581.9367201311018
2213200.0 583.2822114929469
2212200.0 584.6289192831096
2211200.0 585.9768451519537
2210200.0 587.32599075283
2209200.0 588.6763577420829
2208200.0 590.0279477790571
2207200.0 591.380762526105
2206200.0 592.734803648592
2205200.0 594.0900728149049
2204200.0 595.4465716964581
2203200.0 596.8043019677007
2202200.0 598.1632653061222
2201200.0 599.5234633922621
2200200.0 600.8848979097136
2199200.0 602.2475705451332
2198200.0 603.6114829882456
2197200.0 604.9766369318525
2196200.0 606.3430340718382
2195200.0 607.7106761071775
2194200.0 609.079564739942
2193200.0 610.4497016753078
2192200.0 611.8210886215629
2191200.0 613.1937272901125
2190200.0 614.5676193954889
2189200.0 615.9427666553556
2188200.0 617.319170790517
2187200.0 618.6968335249239
2186200.0 620.0757565856825
2185200.0 621.4559417030586
2184200.0 622.8373906104881
2183200.0 624.2201050445829
2182200.0 625.6040867451368
2181200.0 626.989337455136
2180200.0 628.375858920763
2179200.0 629.763652891406
2178200.0 631.1527211196661
2177200.0 632.5430653613638
2176200.0 633.9346873755476
2175200.0 635.3275889244995
2174200.0 636.7217717737449
2173200.0 638.1172376920582
2172200.0 639.5139884514712
2171200.0 640.9120258272798
2170200.0 642.3113515980533
2169200.0 643.7119675456388
2168200.0 645.1138754551723
2167200.0 646.5170771150837
2166200.0 647.9215743171056
2165200.0 649.3273688562806
2164200.0 650.734462530969
2163200.0 652.142857142857
2162200.0 653.5525544969629
2161200.0 654.963556401646
2160200.0 656.3758646686153
2159200.0 657.7894811129339
2158200.0 659.2044075530313
2157200.0 660.6206458107068
2156200.0 662.0381977111406
2155200.0 663.4570650829
2154200.0 664.8772497579479
2153200.0 666.2987535716494
2152200.0 667.7215783627828
2151200.0 669.1457259735428
2150200.0 670.5711982495536
2149200.0 671.9979970398729
2148200.0 673.4261241970019
2147200.0 674.8555815768929
2146200.0 676.2863710389571
2145200.0 677.7184944460721
2144200.0 679.1519536645922
2143200.0 680.5867505643539
2142200.0 682.0228870186855
2141200.0 683.4603649044147
2140200.0 684.8991861018773
2139200.0 686.3393524949246
2138200.0 687.7808659709322
2137200.0 689.2237284208085
2136200.0 690.6679417390023
2135200.0 692.1135078235112
2134200.0 693.5604285758909
2133200.0 695.0087059012616
2132200.0 696.4583417083182
2131200.0 697.9093379093376
2130200.0 699.3616964201884
2129200.0 700.8154191603371
2128200.0 702.2705080528591
2127200.0 703.7269650244452
2126200.0 705.1847920054109
2125200.0 706.643990929705
2124200.0 708.1045637349188
2123200.0 709.5665123622921
2122200.0 711.0298387567258
2121200.0 712.494544866787
2120200.0 713.9606326447191
2119200.0 715.4281040464506
2118200.0 716.8969610316035
2117200.0 718.3672055635025
2116200.0 719.8388396091824
2115200.0 721.3118651393992
2114200.0 722.7862841286358
2113200.0 724.2620985551138
2112200.0 725.7393104008004
2111200.0 727.2179216514188
2110200.0 728.6979342964557
2109200.0 730.1793503291699
2108200.0 731.6621717466037
2107200.0 733.1464005495897
2106200.0 734.6320387427593
2105200.0 736.1190883345545
2104200.0 737.6075513372347
2103200.0 739.0974297668855
2102200.0 740.5887256434303
2101200.0 742.0814409906354
2100200.0 743.5755778361242
2099200.0 745.0711382113819
2098200.0 746.5681241517672
2097200.0 748.0665376965204
2096200.0 749.5663808887736
2095200.0 751.067655775559
2094200.0 752.5703644078201
2093200.0 754.0745088404175
2092200.0 755.5800911321412
2091200.0 757.087113345721
2090200.0 758.5955775478307
2089200.0 760.1054858091044
2088200.0 761.6168402041404
2087200.0 763.1296428115132
2086200.0 764.6438957137833
2085200.0 766.1596009975061
2084200.0 767.6767607532411
2083200.0 769.1953770755613
2082200.0 770.715452063065
2081200.0 772.2369878183828
2080200.0 773.7599864481896
2079200.0 775.2844500632109
2078200.0 776.8103807782375
2077200.0 778.3377807121308
2076200.0 779.8666519878346
2075200.0 781.3969967323857
2074200.0 782.9288170769225
2073200.0 784.4621151566938
2072200.0 785.996893111071
2071200.0 787.5331530835581
2070200.0 789.0708972218004
2069200.0 790.6101276775935
2068200.0 792.1508466068951
2067200.0 793.6930561698363
2066200.0 795.236758530728
2065200.0 796.7819558580738
2064200.0 798.3286503245806
2063200.0 799.8768441071661
2062200.0 801.4265393869695
2061200.0 802.9777383493666
2060200.0 804.5304431839718
2059200.0 806.084656084656
2058200.0 807.640379249552
2057200.0 809.1976148810684
2056200.0 810.7563651858952
2055200.0 812.3166323750208
2054200.0 813.8784186637364
2053200.0 815.4417262716504
2052200.0 817.006557422696
2051200.0 818.5729143451448
2050200.0 820.1407992716158
2049200.0 821.7102144390841
2048200.0 823.2811620888951
2047200.0 824.8536444667743
2046200.0 826.4276638228354
2045200.0 828.0032224115934
2044200.0 829.580322491975
2043200.0 831.1589663273297
2042200.0 832.7391561854397
2041200.0 834.320894338531
2040200.0 835.904183063285
2039200.0 837.4890246408489
2038200.0 839.075421356846
2037200.0 840.6633755013883
2036200.0 842.2528893690859
2035200.0 843.8439652590594
2034200.0 845.4366054749494
2033200.0 847.0308123249299
2032200.0 848.6265881217166
2031200.0 850.2239351825806
2030200.0 851.8228558293574
2029200.0 853.4233523884615
2028200.0 855.0254271908943
2027200.0 856.6290825722551
2026200.0 858.2343208727574
2025200.0 859.8411444372333
2024200.0 861.4495556151521
2023200.0 863.0595567606241
2022200.0 864.67115023242
2021200.0 866.2843383939758
2020200.0 867.8991236134092
2019200.0 869.5155082635272
2018200.0 871.1334947218403
2017200.0 872.7530853705748
2016200.0 874.3742825966813
2015200.0 875.9970887918487
2014200.0 877.6215063525158
2013200.0 879.2475376798842
2012200.0 880.8751851799262
2011200.0 882.5044512634008
2010200.0 884.1353383458643
2009200.0 885.7678488476812
2008200.0 887.4019851940374
2007200.0 889.0377498149519
2006200.0 890.6751451452873
2005200.0 892.3141736247659
2004200.0 893.954837697977
2003200.0 895.5971398143922
2002200.0 897.2410824283767
2001200.0 898.8866679992004
2000200.0 900.5338989910529
1999200.0 902.1827778730542
1998200.0 903.8333071192642
1997200.0 905.4854892087018
1996200.0 907.13932662535
1995200.0 908.7948218581738
1994200.0 910.45197740113
1993200.0 912.1107957531797
1992200.0 913.7712794183029
1991200.0 915.4334309055077
1990200.0 917.0972527288475
1989200.0 918.7627474074283
1988200.0 920.4299174654266
1987200.0 922.0987654320983
1986200.0 923.7692938417941
1985200.0 925.4415052339691
1984200.0 927.1154021532004
1983200.0 928.7909871491962
1982200.0 930.4682627768091
1981200.0 932.1472315960501
1980200.0 933.827896172104
1979200.0 935.5102590753359
1978200.0 937.1943228813111
1977200.0 938.880090170804
1976200.0 940.5675635298139
1975200.0 942.2567455495763
1974200.0 943.9476388265772
1973200.0 945.6402459625649
1972200.0 947.3345695645663
1971200.0 949.0306122448977
1970200.0 950.7283766211796
1969200.0 952.4278653163477
1968200.0 954.1290809586716
1967200.0 955.8320261817616
1966200.0 957.536703624589
1965200.0 959.2431159314935
1964200.0 960.9512657522022
1963200.0 962.6611557418402
1962200.0 964.3727885609446
1961200.0 966.0861668754795
1960200.0 967.8012933568488
1959200.0 969.5181706819109
1958200.0 971.2368015329915
1957200.0 972.9571885978999
1956200.0 974.679334569939
1955200.0 976.4032421479229
1954200.0 978.1289140361906
1953200.0 979.8563529446184
1952200.0 981.5855615886346
1951200.0 983.316542689236
1950200.0 985.0492989729989
1949200.0 986.7838331720949
1948200.0 988.5201480243052
1947200.0 990.2582462730368
1946200.0 991.9981306673322
1945200.0 993.7398039618893
1944200.0 995.4832689170715
1943200.0 997.2285282989272
1942200.0 998.9755848791993
1941200.0 1000.7244414353419
1940200.0 1002.4751007505357
1939200.0 1004.2275656137037
1938200.0 1005.9818388195234
1937200.0 1007.7379231684414
1936200.0 1009.4958214666921
1935200.0 1011.2555365263095
1934200.0 1013.0170711651424
1933200.0 1014.7804282068712
1932200.0 1016.545610481021
1931200.0 1018.3126208229767
1930200.0 1020.0814620740016
1929200.0 1021.8521370812473
1928200.0 1023.6246486977735
1927200.0 1025.398999782561
1926200.0 1027.175193200528
1925200.0 1028.9532318225442
1924200.0 1030.733118525448
1923200.0 1032.5148561920605
1922200.0 1034.2984477112036
1921200.0 1036.0838959777125
1920200.0 1037.8712038924516
1919200.0 1039.6603743623336
1918200.0 1041.4514103003312
1917200.0 1043.2443146254952
1916200.0 1045.0390902629706
1915200.0 1046.8357401440107
1914200.0 1048.634267205994
1913200.0 1050.4346743924414
1912200.0 1052.2369646530296
1911200.0 1054.0411409436106
1910200.0 1055.8472062262244
1909200.0 1057.655163469117
1908200.0 1059.4650156467578
1907200.0 1061.2767657398526
1906200.0 1063.0904167353647
1905200.0 1064.905971626526
1904200.0 1066.7234334128566
1903200.0 1068.542805100182
1902200.0 1070.3640897006471
1901200.0 1072.187290232735
1900200.0 1074.0124097212827
1899200.0 1075.8394511974966
1898200.0 1077.6684176989727
1897200.0 1079.4993122697103
1896200.0 1081.332137960131
1895200.0 1083.1668978270918
1894200.0 1085.0035949339083
1893200.0 1086.8422323503667
1892200.0 1088.6828131527418
1891200.0 1090.5253404238176
1890200.0 1092.369817252898
1889200.0 1094.2162467358314
1888200.0 1096.0646319750224
1887200.0 1097.9149760794521
1886200.0 1099.7672821646947
1885200.0 1101.6215533529341
1884200.0 1103.4777927729838
1883200.0 1105.3360035603023
1882200.0 1107.1961888570108
1881200.0 1109.0583518119129
1880200.0 1110.9224955805103
1879200.0 1112.788623325022
1878200.0 1114.6567382143999
1877200.0 1116.5268434243499
1876200.0 1118.3989421373494
1875200.0 1120.2730375426622
1874200.0 1122.149132836359
1873200.0 1124.0272312213372
1872200.0 1125.9073359073361
1871200.0 1127.789450110955
1870200.0 1129.6735770556752
1869200.0 1131.5597199718745
1868200.0 1133.4478820968493
1867200.0 1135.3380666748274
1866200.0 1137.2302769569947
1865200.0 1139.1245162015055
1864200.0 1141.020787673507
1863200.0 1142.9190946451572
1862200.0 1144.8194403956404
1861200.0 1146.72182821119
1860200.0 1148.6262613851043
1859200.0 1150.5327432177692
1858200.0 1152.4412770166725
1857200.0 1154.3518660964278
1856200.0 1156.2645137787904
1855200.0 1158.1792233926772
1854200.0 1160.0959982741883
1853200.0 1162.0148417666219
1852200.0 1163.9357572204995
1851200.0 1165.8587479935798
1850200.0 1167.7838174508804
1849200.0 1169.7109689647002
1848200.0 1171.6402059146349
1847200.0 1173.571531687599
1846200.0 1175.504949677845
1845200.0 1177.4404632869835
1844200.0 1179.3780759240035
1843200.0 1181.317791005291
1842200.0 1183.2596119546504
1841200.0 1185.203542203325
1840200.0 1187.149585190015
1839200.0 1189.097744360902
1838200.0 1191.0480231696636
1837200.0 1193.000425077499
1836200.0 1194.9549535531455
1835200.0 1196.9116120729018
1834200.0 1198.8704041206497
1833200.0 1200.8313331878678
1832200.0 1202.7944027736626
1831200.0 1204.7596163847802
1830200.0 1206.726977535632
1829200.0 1208.6964897483153
1828200.0 1210.668156552633
1827200.0 1212.6419814861142
1826200.0 1214.6179680940381
1825200.0 1216.5961199294532
1824200.0 1218.5764405531972
1823200.0 1220.5589335339223
1822200.0 1222.543602448113
1821200.0 1224.5304508801105
1820200.0 1226.5194824221305
1819200.0 1228.5107006742887
1818200.0 1230.5041092446215
1817200.0 1232.4997117491062
1816200.0 1234.4975118116843
1815200.0 1236.4975130642824
1814200.0 1238.4997191468365
1813200.0 1240.50413370731
1812200.0 1242.5107604017217
1811200.0 1244.5196028941612
1810200.0 1246.5306648568162
1809200.0 1248.5439499699942
1808200.0 1250.559461922143
1807200.0 1252.5772044098735
1806200.0 1254.5971811379848
1805200.0 1256.6193958194845
1804200.0 1258.6438521756113
1803200.0 1260.6705539358602
1802200.0 1262.6995048380022
1801200.0 1264.7307086281105
1800200.0 1266.7641690605808
1799200.0 1268.7998898981555
1798200.0 1270.8378749119493
1797200.0 1272.8781278814658
1796200.0 1274.9206525946308
1795200.0 1276.9654528478056
1794200.0 1279.0125324458174
1793200.0 1281.0618952019797
1792200.0 1283.1135449381177
1791200.0 1285.167485484591
1790200.0 1287.2237206803177
1789200.0 1289.2822543727973
1788200.0 1291.3430904181373
1787200.0 1293.4062326810758
1786200.0 1295.4716850350032
1785200.0 1297.539451361992
1784200.0 1299.6095355528155
1783200.0 1301.6819415069747
1782200.0 1303.756673132725
1781200.0 1305.833734347096
1780200.0 1307.9131290759194
1779200.0 1309.994861253854
1778200.0 1312.078934824408
1777200.0 1314.1653537399654
1776200.0 1316.2541219618124
1775200.0 1318.3452434601597
1774200.0 1320.4387222141702
1773200.0 1322.5345622119814
1772200.0 1324.6327674507338
1771200.0 1326.7333419365934
1770200.0 1328.836289684781
1769200.0 1330.9416147195934
1768200.0 1333.0493210744314
1767200.0 1335.1594127918254
1766200.0 1337.271893923462
1765200.0 1339.3867685302084
1764200.0 1341.504040682138
1763200.0 1343.6237144585602
1762200.0 1345.7457939480412
1761200.0 1347.8702832484346
1760200.0 1349.997186466906
1759200.0 1352.1265077199591
1758200.0 1354.2582511334642
1757200.0 1356.3924208426822
1756200.0 1358.5290209922937
1755200.0 1360.6680557364236
1754200.0 1362.8095292386704
1753200.0 1364.9534456721315
1752200.0 1367.0998092194302
1751200.0 1369.2486240727442
1750200.0 1371.3998944338332
1749200.0 1373.5536245140636
1748200.0 1375.7098185344378
1747200.0 1377.8684807256234
1746200.0 1380.0296153279774
1745200.0 1382.1932265915761
1744200.0 1384.3593187762433
1743200.0 1386.527896151577
1742200.0 1388.6989629969771
1741200.0 1390.8725236016755
1740200.0 1393.048582264764
1739200.0 1395.2271432952205
1738200.0 1397.4082110119393
1737200.0 1399.5917897437587
1736200.0 1401.7778838294905
1735200.0 1403.9664976179495
1734200.0 1406.15763546798
1733200.0 1408.351301748486
1732200.0 1410.5475008384603
1731200.0 1412.7462371270133
1730200.0 1414.9475150134035
1729200.0 1417.1513389070637
1728200.0 1419.3577132276355
1727200.0 1421.5666424049934
1726200.0 1423.7781308792778
1725200.0 1425.9921831009237
1724200.0 1428.2088035306917
1723200.0 1430.427996639696
1722200.0 1432.6497669094344
1721200.0 1434.8741188318227
1720200.0 1437.1010569092189
1719200.0 1439.330585654457
1718200.0 1441.5627095908787
1717200.0 1443.79743325236
1716200.0 1446.034761183345
1715200.0 1448.274697938877
1714200.0 1450.517248084626
1713200.0 1452.7624161969245
1712200.0 1455.010206862794
1711200.0 1457.2606246799796
1710200.0 1459.5136742569791
1709200.0 1461.7693602130762
1708200.0 1464.027687178372
1707200.0 1466.2886597938143
1706200.0 1468.5522827112318
1705200.0 1470.8185605933666
1704200.0 1473.0874981139032
1703200.0 1475.3590999575033
1702200.0 1477.6333708198354
1701200.0 1479.910315407611
1700200.0 1482.189938438615
1699200.0 1484.4722446417359
1698200.0 1486.757238757003
1697200.0 1489.044925535616
1696200.0 1491.3353097399784
1695200.0 1493.6283961437334
1694200.0 1495.9241895317916
1693200.0 1498.2226947003699
1692200.0 1500.5239164570212
1691200.0 1502.8278596206694
1690200.0 1505.1345290216427
1689200.0 1507.4439295017082
1688200.0 1509.7560659141038
1687200.0 1512.0709431235744
1686200.0 1514.388566006405
1685200.0 1516.708939450454
1684200.0 1519.0320683551888
1683200.0 1521.3579576317218
1682200.0 1523.686612202841
1681200.0 1526.018037003047
1680200.0 1528.3522369785908
1679200.0 1530.6892170875017
1678200.0 1533.028982299629
1677200.0 1535.3715375966742
1676200.0 1537.7168879722274
1675200.0 1540.0650384318003
1674200.0 1542.4159939928659
1673200.0 1544.769759684892
1672200.0 1547.126340549376
1671200.0 1549.4857416398827
1670200.0 1551.847968022079
1669200.0 1554.2130247737725
1668200.0 1556.580916984945
1667200.0 1558.9516497577915
1666200.0 1561.3252282067544
1665200.0 1563.7016574585634
1664200.0 1566.0809426522676
1663200.0 1568.4630889392795
1662200.0 1570.848101483404
1661200.0 1573.2359854608828
1660200.0 1575.6267460604288
1659200.0 1578.0203884832615
1658200.0 1580.4169179431508
1657200.0 1582.8163396664481
1656200.0 1585.2186588921277
1655200.0 1587.6238808718265
1654200.0 1590.032010869878
1653200.0 1592.4430541633542
1652200.0 1594.8570160421023
1651200.0 1597.2739018087857
1650200.0 1599.6937167789188
1649200.0 1602.1164662809092
1648200.0 1604.542155656098
1647200.0 1606.9707902587936
1646200.0 1609.402375456318
1645200.0 1611.836916629039
1644200.0 1614.2744191704173
1643200.0 1616.7148884870403
1642200.0 1619.158329998666
1641200.0 1621.6047491382608
1640200.0 1624.0541513520413
1639200.0 1626.5065420995143
1638200.0 1628.9619268535146
1637200.0 1631.420311100252
1636200.0 1633.8817003393456
1635200.0 1636.3461000838693
1634200.0 1638.813515860389
1633200.0 1641.2839532090084
1632200.0 1643.7574176834066
1631200.0 1646.2339148508838
1630200.0 1648.7134502923973
1629200.0 1651.1960296026095
1628200.0 1653.6816583899247
1627200.0 1656.170342276537
1626200.0 1658.6620868984655
1625200.0 1661.1568979056055
1624200.0 1663.654780961763
1623200.0 1666.1557417447018
1622200.0 1668.6597859461874
1621200.0 1671.1669192720267
1620200.0 1673.6771474421146
1619200.0 1676.190476190476
1618200.0 1678.7069112653091
1617200.0 1681.2264584290306
1616200.0 1683.7491234583179
1615200.0 1686.2749121441545
1614200.0 1688.803830291874
1613200.0 1691.3358837212045
1612200.0 1693.8710782663143
1611200.0 1696.4094197758545
1610200.0 1698.9509141130054
1609200.0 1701.495567155522
1608200.0 1704.0433847957788
1607200.0 1706.5943729408136
1606200.0 1709.1485375123775
1605200.0 1711.7058844469752
1604200.0 1714.2664196959167
1603200.0 1716.830149225359
1602200.0 1719.3970790163528
1601200.0 1721.9672150648914
1600200.0 1724.540563381958
1599200.0 1727.117129993568
1598200.0 1729.6969209408205
1597200.0 1732.2799422799424
1596200.0 1734.866200082338
1595200.0 1737.4557004346368
1594200.0 1740.048449438739
1593200.0 1742.6444532118649
1592200.0 1745.2437178866019
1591200.0 1747.8462496109555
1590200.0 1750.4520545483947
1589200.0 1753.0611388779018
1588200.0 1755.6735087940228
1587200.0 1758.2891705069123
1586200.0 1760.908130242388
1585200.0 1763.5303942419762
1584200.0 1766.1559687629626
1583200.0 1768.7848600784428
1582200.0 1771.41707447737
1581200.0 1774.0526182646092
1580200.0 1776.691497760982
1579200.0 1779.3337193033237
1578200.0 1781.979289244528
1577200.0 1784.6282139536002
1576200.0 1787.280499815711
1575200.0 1789.9361532322423
1574200.0 1792.595180620844
1573200.0 1795.257588415483
1572200.0 1797.9233830664948
1571200.0 1800.592571040636
1570200.0 1803.2651588211393
1569200.0 1805.9411529077595
1568200.0 1808.6205598168353
1567200.0 1811.303386081334
1566200.0 1813.989638250907
1565200.0 1816.679322891947
1564200.0 1819.3724465876364
1563200.0 1822.0690159380026
1562200.0 1824.769037559973
1561200.0 1827.4725180874298
1560200.0 1830.1794641712597
1559200.0 1832.8898824794155
1558200.0 1835.6037796969642
1557200.0 1838.3211625261454
1556200.0 1841.0420376864279
1555200.0 1843.7664119145602
1554200.0 1846.49429196463
1553200.0 1849.2256846081207
1552200.0 1851.9605966339632
1551200.0 1854.6990348485967
1550200.0 1857.4410060760204
1549200.0 1860.186517157857
1548200.0 1862.9355749534018
1547200.0 1865.6881863396857
1546200.0 1868.4443582115296
1545200.0 1871.2040974816018
1544200.0 1873.967411080479
1543200.0 1876.7343059567006
1542200.0 1879.5047890768283
1541200.0 1882.2788674255066
1540200.0 1885.0565480055154
1539200.0 1887.837837837838
1538200.0 1890.6227439617114
1537200.0 1893.4112734346925
1536200.0 1896.2034333327126
1535200.0 1898.9992307501427
1534200.0 1901.798672799846
1533200.0 1904.601766613246
1532200.0 1907.4085193403819
1531200.0 1910.2189381499727
1530200.0 1913.033030229475
1529200.0 1915.850802785147
1528200.0 1918.67226304211
1527200.0 1921.4974182444064
1526200.0 1924.3262756550664
1525200.0 1927.1588425561672
1524200.0 1929.9951262488985
1523200.0 1932.8351340536215
1522200.0 1935.678873309933
1521200.0 1938.526351376732
1520200.0 1941.3775756322789
1519200.0 1944.2325534742597
1518200.0 1947.091292319852
1517200.0 1949.9537996057895
1516200.0 1952.8200827884243
1515200.0 1955.6901493437917
1514200.0 1958.5640067676782
1513200.0 1961.441662575683
1512200.0 1964.3231243032858
1511200.0 1967.2083995059113
1510200.0 1970.097495758997
1509200.0 1972.9904206580588
1508200.0 1975.887181818756
1507200.0 1978.787786876959
1506200.0 1981.6922434888172
1505200.0 1984.600559330827
1504200.0 1987.5127420998979
1503200.0 1990.4287995134189
1502200.0 1993.3487393093305
1501200.0 1996.2725692461902
1500200.0 1999.2002971032437
1499200.0 2002.1319306804899
1498200.0 2005.0674777987554
1497200.0 2008.0069462997592
1496200.0 2010.950344046187
1495200.0 2013.8976789217554
1494200.0 2016.8489588312907
1493200.0 2019.8041917007893
1492200.0 2022.7633854774983
1491200.0 2025.726548129982
1490200.0 2028.6936876481902
1489200.0 2031.6648120435386
1488200.0 2034.6399293489737
1487200.0 2037.6190476190475
1486200.0 2040.6021749299907
1485200.0 2043.5893193797854
1484200.0 2046.5804890882373
1483200.0 2049.5756921970515
1482200.0 2052.5749368699035
1481200.0 2055.5782312925166
1480200.0 2058.585583672734
1479200.0 2061.5970022405927
1478200.0 2064.6124952484042
1477200.0 2067.6320709708193
1476200.0 2070.655737704918
1475200.0 2073.6835037702717
1474200.0 2076.7153775090283
1473200.0 2079.751367285986
1472200.0 2082.791481488669
1471200.0 2085.835728527409
1470200.0 2088.8841168354156
1469200.0 2091.936654868862
1468200.0 2094.99335110696
1467200.0 2098.054214052033
1466200.0 2101.1192522296055
1465200.0 2104.1884741884737
1464200.0 2107.2618885007896
1463200.0 2110.339503762139
1462200.0 2113.42132859162
1461200.0 2116.5073716319266
1460200.0 2119.5976415494288
1459200.0 2122.6921470342513
1458200.0 2125.7908968003603
1457200.0 2128.8938995856365
1456200.0 2132.0011641519673
1455200.0 2135.1126992853215
1454200.0 2138.2285137958356
1453200.0 2141.348616517898
1452200.0 2144.473016310228
1451200.0 2147.6017220559665
1450200.0 2150.734742662752
1449200.0 2153.872087062812
1448200.0 2157.0137642130458
1447200.0 2160.159783095107
1446200.0 2163.3101527154904
1445200.0 2166.464882105624
1444200.0 2169.6239803219446
1443200.0 2172.7874564459926
1442200.0 2175.9553195844974
1441200.0 2179.12757886946
1440200.0 2182.3042434582503
1439200.0 2185.4853225336824
1438200.0 2188.6708253041165
1437200.0 2191.8607610035383
1436200.0 2195.055138891652
1435200.0 2198.2539682539677
1434200.0 2201.4572584018965
1433200.0 2204.6650186728334
1432200.0 2207.8772584302537
1431200.0 2211.0939870638026
1430200.0 2214.3152139893855
1429200.0 2217.540948649261
1428200.0 2220.7712005121325
1427200.0 2224.0059790732435
1426200.0 2227.245293854465
1425200.0 2230.489154404394
1424200.0 2233.737570298447
1423200.0 2236.9905511389493
1422200.0 2240.248106555236
1421200.0 2243.5102462037444
1420200.0 2246.7769797681076
1419200.0 2250.048316959253
1418200.0 2253.324267515496
1417200.0 2256.60484120264
1416200.0 2259.8900478140704
1415200.0 2263.179897170852
1414200.0 2266.474399121832
1413200.0 2269.7735635437307
1412200.0 2273.0774003412434
1411200.0 2276.385919447144
1410200.0 2279.699130822376
1409200.0 2283.0170444561586
1408200.0 2286.3396703660874
1407200.0 2289.6670185982293
1406200.0 2292.9990992272315
1405200.0 2296.3359223564175
1404200.0 2299.677498117891
1403200.0 2303.02383667264
1402200.0 2306.374948210635
1401200.0 2309.73084295094
1400200.0 2313.09153114181
1399200.0 2316.457023060796
1398200.0 2319.827329014856
1397200.0 2323.202459340449
1396200.0 2326.582424403653
1395200.0 2329.967234600262
1394200.0 2333.356900355896
1393200.0 2336.7514321261087
1392200.0 2340.150840396495
1391200.0 2343.555135682795
1390200.0 2346.9643285310094
1389200.0 2350.3784295175024
1388200.0 2353.7974492491135
1387200.0 2357.221398363267
1386200.0 2360.6502875280826
1385200.0 2364.084127442487
1384200.0 2367.522928836323
1383200.0 2370.966702470462
1382200.0 2374.4154591369174
1381200.0 2377.869209658958
1380200.0 2381.327964891216
1379200.0 2384.7917357198103
1378200.0 2388.2605330624483
1377200.0 2391.734367868553
1376200.0 2395.2132511193695
1375200.0 2398.6971938280835
1374200.0 2402.18620703994
1373200.0 2405.680301832356
1372200.0 2409.1794893150377
1371200.0 2412.683780630105
1370200.0 2416.1931869521995
1369200.0 2419.7077194886133
1368200.0 2423.2273894793993
1367200.0 2426.752208197497
1366200.0 2430.2821869488535
1365200.0 2433.8173370725376
1364200.0 2437.3576699408686
1363200.0 2440.903196959535
1362200.0 2444.4539295677155
1361200.0 2448.0098792382073
1360200.0 2451.5710574775417
1359200.0 2455.137475826116
1358200.0 2458.709145858313
1357200.0 2462.286079182631
1356200.0 2465.8682874418014
1355200.0 2469.4557823129253
1354200.0 2473.0485755075915
1353200.0 2476.6466787720105
1352200.0 2480.25010388714
1351200.0 2483.8588626688093
1350200.0 2487.472966967856
1349200.0 2491.092428670252
1348200.0 2494.717259697233
1347200.0 2498.3474720054282
1346200.0 2501.9830775869996
1345200.0 2505.624088469762
1344200.0 2509.270516717325
1343200.0 2512.922374429224
1342200.0 2516.5796737410506
1341200.0 2520.2424268245923
1340200.0 2523.9106458879623
1339200.0 2527.584343175741
1338200.0 2531.263530969106
1337200.0 2534.9482215859716
1336200.0 2538.6384273811304
1335200.0 2542.3341607463835
1334200.0 2546.035434110685
1333200.0 2549.7422599402794
1332200.0 2553.4546507388422
1331200.0 2557.172619047619
1330200.0 2560.8961774455684
1329200.0 2564.6253385495033
1328200.0 2568.360115014233
1327200.0 2572.1005195327075
1326200.0 2575.846564836159
1325200.0 2579.5982636942485
1324200.0 2583.3556289152116
1323200.0 2587.1186733460004
1322200.0 2590.8874098724345
1321200.0 2594.661851419344
1320200.0 2598.442010950722
1319200.0 2602.227901469866
1318200.0 2606.0195360195357
1317200.0 2609.8169276820963
1316200.0 2613.62008957967
1315200.0 2617.42903487429
1314200.0 2621.24377676805
1313200.0 2625.064328503256
1312200.0 2628.8907033625824
1311200.0 2632.722914669223
1310200.0 2636.560975787048
1309200.0 2640.4049001207572
1308200.0 2644.2547011160373
1307200.0 2648.1103922597185
1306200.0 2651.971987079934
1305200.0 2655.839499146272
1304200.0 2659.712942069942
1303200.0 2663.592329503931
1302200.0 2667.4776751431637
1301200.0 2671.3689927246646
1300200.0 2675.266296027717
1299200.0 2679.1695988740325
1298200.0 2683.0789151279064
1297200.0 2686.9942586963866
1296200.0 2690.9156435294376
1295200.0 2694.843083620106
1294200.0 2698.7765930046876
1293200.0 2702.7161857628917
1292200.0 2706.6618760180127
1291200.0 2710.6136779370977
1290200.0 2714.5716057311156
1289200.0 2718.535673655127
1288200.0 2722.505896008458
1287200.0 2726.482287134866
1286200.0 2730.4648614227217
1285200.0 2734.453633305174
1284200.0 2738.448617260329
1283200.0 2742.449827811424
1282200.0 2746.4572795270033
1281200.0 2750.4709870210963
1280200.0 2754.4909649533924
1279200.0 2758.5172280294228
1278200.0 2762.5497910007375
1277200.0 2766.588668665085
1276200.0 2770.633875866598
1275200.0 2774.6854274959665
1274200.0 2778.7433384906312
1273200.0 2782.8076238349563
1272200.0 2786.878298560424
1271200.0 2790.9553777458123
1270200.0 2795.0388765173834
1269200.0 2799.1288100490747
1268200.0 2803.22519356268
1267200.0 2807.328042328042
1266200.0 2811.437371663244
1265200.0 2815.5531969347967
1264200.0 2819.6755335578305
1263200.0 2823.8043969962905
1262200.0 2827.939802763127
1261200.0 2832.081766420491
1260200.0 2836.23030357993
1259200.0 2840.385429902583
1258200.0 2844.547161099378
1257200.0 2848.7155129312305
1256200.0 2852.89050120924
1255200.0 2857.072141794895
1254200.0 2861.2604506002685
1253200.0 2865.4554435882237
1252200.0 2869.6571367726137
1251200.0 2873.8655462184875
1250200.0 2878.080688042294
1249200.0 2882.3025784120887
1248200.0 2886.5312335477374
1247200.0 2890.7666697211275
1246200.0 2895.0089032563756
1245200.0 2899.2579505300355
1244200.0 2903.513827971311
1243200.0 2907.776552062266
1242200.0 2912.0461393380406
1241200.0 2916.3226063870597
1240200.0 2920.6059698512527
1239200.0 2924.896246426266
1238200.0 2929.1934528616807
1237200.0 2933.497605961233
1236200.0 2937.808722583031
1235200.0 2942.1268196397723
1234200.0 2946.4519140989723
1233200.0 2950.7840229831795
1232200.0 2955.123163370201
1231200.0 2959.4693523933283
1230200.0 2963.822607241563
1229200.0 2968.1829451598405
1228200.0 2972.55038344926
1227200.0 2976.924939467312
1226200.0 2981.3066306281116
1225200.0 2985.6954744026243
1224200.0 2990.091488318902
1223200.0 2994.494689962315
1222200.0 2998.9050969757886
1221200.0 3003.3227270600346
1220200.0 3007.74759797379
1219200.0 3012.1797275340587
1218200.0 3016.6191336163424
1217200.0 3021.0658341548906
1216200.0 3025.519847142935
1215200.0 3029.981190632935
1214200.0 3034.4498827368197
1213200.0 3038.925941626238
1212200.0 3043.409385532797
1211200.0 3047.9002327483176
1210200.0 3052.3985016250754
1209200.0 3056.90421057606
1208200.0 3061.4173780752158
1207200.0 3065.9380226577046
1206200.0 3070.46616292015
1205200.0 3075.001817520901
1204200.0 3079.545005180282
1203200.0 3084.0957446808507
1202200.0 3088.6540548676626
1201200.0 3093.219954648526
1200200.0 3097.7934629942624
1199200.0 3102.374598938975
1198200.0 3106.9633815803068
1197200.0 3111.559830079709
1196200.0 3116.1639636627096
1195200.0 3120.775801619175
1194200.0 3125.3953633035862
1193200.0 3130.0226681353065
1192200.0 3134.6577355988525
1191200.0 3139.300585244171
1190200.0 3143.9512366869108
1189200.0 3148.6097096087005
1188200.0 3153.276023757424
1187200.0 3157.950198947503
1186200.0 3162.6322550601762
1185200.0 3167.3222120437777
1184200.0 3172.020089914027
1183200.0 3176.7259087543066
1182200.0 3181.4396887159533
1181200.0 3186.161450018544
1180200.0 3190.891212950185
1179200.0 3195.6289978678037
1178200.0 3200.3748251974357
1177200.0 3205.1287154345255
1176200.0 3209.890689144217
1175200.0 3214.6607669616524
1174200.0 3219.438969592265
1173200.0 3224.2253178120886
1172200.0 3229.0198324680496
1171200.0 3233.822534478272
1170200.0 3238.6334448323855
1169200.0 3243.452584591825
1168200.0 3248.279974890145
1167200.0 3253.11563693332
1166200.0 3257.9595920000643
1165200.0 3262.811861442139
1164200.0 3267.672466684664
1163200.0 3272.5414292264363
1162200.0 3277.418770640247
1161200.0 3282.3045125732
1160200.0 3287.198676747031
1159200.0 3292.101284958427
1158200.0 3297.0123590793596
1157200.0 3301.931921057396
1156200.0 3306.8599929160378
1155200.0 3311.796596755046
1154200.0 3316.7417547507644
1153200.0 3321.6954891564665
1152200.0 3326.6578223026754
1151200.0 3331.628776597505
1150200.0 3336.6083745269975
1149200.0 3341.596638655462
1148200.0 3346.5935916258154
1147200.0 3351.599256159926
1146200.0 3356.6136550589526
1145200.0 3361.6368112036985
1144200.0 3366.668747554957
1143200.0 3371.7094871538543
1142200.0 3376.7590531222118
1141200.0 3381.817468662895
1140200.0 3386.884757060165
1139200.0 3391.9609416800427
1138200.0 3397.046045970664
1137200.0 3402.14009346264
1136200.0 3407.243107769423
1135200.0 3412.355112587671
1134200.0 3417.4761316976087
1133200.0 3422.6061889634075
1132200.0 3427.745308333543
1131200.0 3432.89351384118
1130200.0 3438.050829604537
1129200.0 3443.217279827269
1128200.0 3448.392888798844
1127200.0 3453.5776808949267
1126200.0 3458.771680577753
1125200.0 3463.974912396526
1124200.0 3469.1874009877924
1123200.0 3474.409171075838
1122200.0 3479.640247473076
1121200.0 3484.880655080441
1120200.0 3490.1304188877843
1119200.0 3495.3895639742664
1118200.0 3500.658115508769
1117200.0 3505.9360987502764
1116200.0 3511.223539048302
1115200.0 3516.5204618432745
1114200.0 3521.8268926669575
1113200.0 3527.142857142857
1112200.0 3532.4683809866324
1111200.0 3537.8034900065127
1110200.0 3543.148210103713
1109200.0 3548.5025672728516
1108200.0 3553.866587602375
1107200.0 3559.2402972749787
1106200.0 3564.6237225680366
1105200.0 3570.0168898540237
1104200.0 3575.4198256009518
1103200.0 3580.8325563728026
1102200.0 3586.2551088299583
1101200.0 3591.687509729645
1100200.0 3597.1297859263677
1099200.0 3602.5819643723576
1098200.0 3608.0440721180107
1097200.0 3613.5161363123448
1096200.0 3618.9981842034385
1095200.0 3624.490243138892
1094200.0 3629.992340566276
1093200.0 3635.5045040335926
1092200.0 3641.0267611897348
1091200.0 3646.5591397849453
1090200.0 3652.101667671288
1089200.0 3657.6543728031047
1088200.0 3663.2172832375004
1087200.0 3668.790427134797
1086200.0 3674.373832759028
1085200.0 3679.9675284784025
1084200.0 3685.5715427657874
1083200.0 3691.1859041991984
1082200.0 3696.810641462277
1081200.0 3702.4457833447846
1080200.0 3708.09135874309
1079200.0 3713.7473966606663
1078200.0 3719.413926208584
1077200.0 3725.090976606015
1076200.0 3730.7785771807326
1075200.0 3736.4767573696136
1074200.0 3742.185546719153
1073200.0 3747.9049748859666
1072200.0 3753.6350716373104
1071200.0 3759.3758668515948
1070200.0 3765.1273905189055
1069200.0 3770.8896727415245
1068200.0 3776.6627437344528
1067200.0 3782.4466338259435
1066200.0 3788.241373458031
1065200.0 3794.0469931870607
1064200.0 3799.863523684234
1063200.0 3805.690995736142
1062200.0 3811.5294402453133
1061200.0 3817.378888230753
1060200.0 3823.2393708285044
1059200.0 3829.1109192921876
1058200.0 3834.993564993565
1057200.0 3840.887339423094
1056200.0 3846.7922741904945
1055200.0 3852.7084010253075
1054200.0 3858.63575177747
1053200.0 3864.574358417883
1052200.0 3870.524253038984
1051200.0 3876.48546785533
1050200.0 3882.4580352041776
1049200.0 3888.4419875460676
1048200.0 3894.4373574654046
1047200.0 3900.4441776710673
1046200.0 3906.4624809969864
1045200.0 3912.492300402748
1044200.0 3918.5336689741976
1043200.0 3924.586619924043
1042200.0 3930.651186592464
1041200.0 3936.7274024477238
1040200.0 3942.815301086786
1039200.0 3948.9149162359317
1038200.0 3955.026281751382
1037200.0 3961.1494316199287
1036200.0 3967.284399959559
1035200.0 3973.4312210200924
1034200.0 3979.5899291838177
1033200.0 3985.760558966133
1032200.0 3991.943145016193
1031200.0 3998.137722117551
1030200.0 4004.34432518882
1029200.0 4010.5629892843267
1028200.0 4016.793749594761
1027200.0 4023.0366414478553
1026200.0 4029.2917003090447
1025200.0 4035.5589617821374
1024200.0 4041.8384616099897
1023200.0 4048.130235675192
1022200.0 4054.434320000745
1021200.0 4060.7507507507507
1020200.0 4067.0795642311036
1019200.0 4073.4207968901837
1018200.0 4079.774485319563
1017200.0 4086.140666254705
1016200.0 4092.5193765756644
1015200.0 4098.910653307816
1014200.0 4105.314533622559
1013200.0 4111.731054838043
1012200.0 4118.160254419887
1011200.0 4124.602169981917
1010200.0 4131.056839286894
1009200.0 4137.524300247249
1008200.0 4144.004590925837
1007200.0 4150.497749536669
1006200.0 4157.003814445676
1005200.0 4163.522824171451
1004200.0 4170.054817386027
1003200.0 4176.599832915623
1002200.0 4183.157909741425
1001200.0 4189.729087000361
1000200.0 4196.313403985869
999200.0 4202.9109001486895
998200.0 4209.52161509765
997200.0 4216.145588600461
996200.0 4222.782860584507
995200.0 4229.4334711376505
994200.0 4236.097460509048
993200.0 4242.774869109948
992200.0 4249.465737514517
991200.0 4256.170106460663
990200.0 4262.888016850851
989200.0 4269.61950975295
988200.0 4276.364626401057
987200.0 4283.123408196341
986200.0 4289.895896707901
985200.0 4296.682133673607
984200.0 4303.482161000957
983200.0 4310.296020767949
982200.0 4317.123755223937
981200.0 4323.9654067905185
980200.0 4330.821018062396
979200.0 4337.690631808278
978200.0 4344.5742909717555
977200.0 4351.472038672203
976200.0 4358.383918205675
975200.0 4365.309973045822
974200.0 4372.250246844785
973200.0 4379.20478343413
972200.0 4386.173626825755
971200.0 4393.156821212834
970200.0 4400.154410970738
969200.0 4407.1664406579785
968200.0 4414.192955017164
967200.0 4421.233998975934
966200.0 4428.289617647927
965200.0 4435.359856333747
964200.0 4442.444760521923
963200.0 4449.544375889891
962200.0 4456.658748304974
961200.0 4463.787923825376
960200.0 4470.931948701163
959200.0 4478.090869375272
958200.0 4485.264732484519
957200.0 4492.453584860605
956200.0 4499.657473531139
955200.0 4506.876445720667
954200.0 4514.110548851692
953200.0 4521.359830545729
952200.0 4528.624338624338
951200.0 4535.904121110177
950200.0 4543.199226228062
949200.0 4550.509702406036
948200.0 4557.835598276433
947200.0 4565.176962676962
946200.0 4572.53384465179
945200.0 4579.906293452632
944200.0 4587.294358539857
943200.0 4594.698089583586
942200.0 4602.117536464808
941200.0 4609.552749276505
940200.0 4617.0037783247735
939200.0 4624.470674129958
938200.0 4631.9534874278
937200.0 4639.452269170579
936200.0 4646.967070528274
935200.0 4654.4979428897295
934200.0 4662.044937863819
933200.0 4669.608107280632
932200.0 4677.187503192651
931200.0 4684.78317787596
930200.0 4692.395183831434
929200.0 4700.02357378595
928200.0 4707.668400693609
927200.0 4715.329717736965
926200.0 4723.007578328243
925200.0 4730.702036110597
924200.0 4738.413144959347
923200.0 4746.1409589832465
922200.0 4753.88553252574
921200.0 4761.646920166243
920200.0 4769.425176721417
919200.0 4777.220357246465
918200.0 4785.032517036437
917200.0 4792.86171162752
916200.0 4800.707996798369
915200.0 4808.5714285714275
914200.0 4816.452063214259
913200.0 4824.34995724089
912200.0 4832.26516741316
911200.0 4840.197750742087
910200.0 4848.147764489227
909200.0 4856.115266168059
908200.0 4864.100313545368
907200.0 4872.102964642646
906200.0 4880.12327773749
905200.0 4888.161311365023
904200.0 4896.217124319313
903200.0 4904.290775654814
902200.0 4912.3823246878
901200.0 4920.491830997822
900200.0 4928.619354429175
899200.0 4936.764955092356
898200.0 4944.928693365566
897200.0 4953.110629896185
896200.0 4961.310825602278
895200.0 4969.529341674112
894200.0 4977.766239575678
893200.0 4986.0215810462105
892200.0 4994.295428101749
891200.0 5002.587843036676
890200.0 5010.898888425287
889200.0 5019.2286271233625
888200.0 5027.577122269759
887200.0 5035.944437287989
886200.0 5044.330635887845
885200.0 5052.735782067007
884200.0 5061.159940112666
883200.0 5069.603174603174
882200.0 5078.065550409689
881200.0 5086.547132697836
880200.0 5095.047986929376
879200.0 5103.568178863902
878200.0 5112.107774560519
877200.0 5120.666840379562
876200.0 5129.245442984315
875200.0 5137.843649342735
874200.0 5146.4615267292
873200.0 5155.099142726261
872200.0 5163.75656522641
871200.0 5172.4338624338625
870200.0 5181.131102866336
869200.0 5189.848355356868
868200.0 5198.585689055626
867200.0 5207.343173431735
866200.0 5216.120878275115
865200.0 5224.918873698346
864200.0 5233.737230138526
863200.0 5242.57601835915
862200.0 5251.43530945201
861200.0 5260.315174839094
860200.0 5269.215686274509
859200.0 5278.136915846412
858200.0 5287.078935978958
857200.0 5296.041819434259
856200.0 5305.025639314356
855200.0 5314.030469063208
854200.0 5323.056382468698
853200.0 5332.103453664634
852200.0 5341.171757132798
851200.0 5350.261367704975
850200.0 5359.372360565019
849200.0 5368.504811250925
848200.0 5377.658795656908
847200.0 5386.834390035522
846200.0 5396.031670999763
845200.0 5405.250715525206
844200.0 5414.491600952155
843200.0 5423.7544049878015
842200.0 5433.039205708405
841200.0 5442.346081561487
840200.0 5451.675111368042
839200.0 5461.026374324753
838200.0 5470.399950006249
837200.0 5479.795918367346
836200.0 5489.214359745332
835200.0 5498.6553548622505
834200.0 5508.118984827208
833200.0 5517.605331138697
832200.0 5527.114475686933
831200.0 5536.646500756221
830200.0 5546.201489027314
829200.0 5555.779523579811
828200.0 5565.380687894573
827200.0 5575.005065856129
826200.0 5584.652741755138
825200.0 5594.323800290838
824200.0 5604.018326573531
823200.0 5613.7364061270755
822200.0 5623.478124891407
821200.0 5633.243569225058
820200.0 5643.032825907734
819200.0 5652.845982142857
818200.0 5662.683125560172
817200.0 5672.544344218353
816200.0 5682.429726607625
815200.0 5692.339361652414
814200.0 5702.273338714016
813200.0 5712.231747593282
812200.0 5722.214678533318
811200.0 5732.222222222222
810200.0 5742.2544697958165
809200.0 5752.31151284043
808200.0 5762.393443395671
807200.0 5772.500353957241
806200.0 5782.632337479769
805200.0 5792.789487379651
804200.0 5802.9718975379255
803200.0 5813.179662303168
802200.0 5823.412876494402
801200.0 5833.671635404035
800200.0 5843.9560348008235
799200.0 5854.266170932837
798200.0 5864.602140530478
797200.0 5874.964040809499
796200.0 5885.351969474049
795200.0 5895.766024719746
794200.0 5906.206305236776
793200.0 5916.672910213
792200.0 5927.165939337107
791200.0 5937.685492801772
790200.0 5948.231671306843
789200.0 5958.804576062557
788200.0 5969.4043087927885
787200.0 5980.030971738288
786200.0 5990.684667659992
785200.0 6001.365499842321
784200.0 6012.073572096526
783200.0 6022.808988764045
782200.0 6033.571854719898
781200.0 6044.3622753761
780200.0 6055.180356685099
779200.0 6066.026205143247
778200.0 6076.8999277942985
777200.0 6087.801632232924
776200.0 6098.731426608262
775200.0 6109.689419627501
774200.0 6120.67572055947
773200.0 6131.690439238291
772200.0 6142.733686067018
771200.0 6153.805572021339
770200.0 6164.906208653287
769200.0 6176.03570809499
768200.0 6187.194183062446
767200.0 6198.381746859327
766200.0 6209.598513380815
765200.0 6220.844597117466
764200.0 6232.120113159107
763200.0 6243.425177198761
762200.0 6254.759905536604
761200.0 6266.124415083952
760200.0 6277.518823367285
759200.0 6288.943248532289
758200.0 6300.3978093479545
757200.0 6311.8826252106755
756200.0 6323.397816148412
755200.0 6334.943502824859
754200.0 6346.5198065436725
753200.0 6358.126849252713
752200.0 6369.764753548321
751200.0 6381.433642679648
750200.0 6393.133640552995
749200.0 6404.864871736201
748200.0 6416.627461463067
747200.0 6428.42153563781
746200.0 6440.247220839555
745200.0 6452.104644326866
744200.0 6463.993934042308
743200.0 6475.915218617049
742200.0 6487.868627375498
741200.0 6499.854290339989
740200.0 6511.872338235483
739200.0 6523.92290249433
738200.0 6536.00611526106
737200.0 6548.1221093972035
736200.0 6560.271018486176
735200.0 6572.452976838177
734200.0 6584.668119495141
733200.0 6596.916582235732
732200.0 6609.198501580362
731200.0 6621.51401479629
730200.0 6633.8632599027005
729200.0 6646.246375675886
728200.0 6658.663501654437
727200.0 6671.1147781444815
726200.0 6683.600346224967
725200.0 6696.120347753
724200.0 6708.674925369209
723200.0 6721.26422250316
722200.0 6733.888383378828
721200.0 6746.547553020098
720200.0 6759.241877256317
719200.0 6771.971502727899
718200.0 6784.736576891965
717200.0 6797.537248028045
716200.0 6810.373665243813
715200.0 6823.245978480878
714200.0 6836.154338520621
713200.0 6849.098896990091
712200.0 6862.079806367928
711200.0 6875.097219990357
710200.0 6888.151292057233
709200.0 6901.242177638115
708200.0 6914.37003267842
707200.0 6927.535014005602
706200.0 6940.73727933541
705200.0 6953.976987278179
704200.0 6967.254297345181
703200.0 6980.569369955035
702200.0 6993.922366440167
701200.0 7007.313449053323
700200.0 7020.742780974143
699200.0 7034.210526315788
698200.0 7047.71685013163
697200.0 7061.261918421987
696200.0 7074.845898140928
695200.0 7088.468957203134
694200.0 7102.131264490814
693200.0 7115.832989860687
692200.0 7129.574304151016
691200.0 7143.355379188712
690200.0 7157.176387796497
689200.0 7171.037503800127
688200.0 7184.938902035675
687200.0 7198.880758356892
686200.0 7212.8632496426135
685200.0 7226.886553804241
684200.0 7240.950849793293
683200.0 7255.05631760901
682200.0 7269.203138306041
681200.0 7283.3914940021805
680200.0 7297.6215678861945
679200.0 7311.893544225698
678200.0 7326.20760837511
677200.0 7340.5639467836745
676200.0 7354.962747003563
675200.0 7369.404197698036
674200.0 7383.888488649686
673200.0 7398.415810768751
672200.0 7412.986356101499
671200.0 7427.600317838696
670200.0 7442.257890324139
669200.0 7456.959269063272
668200.0 7471.704650731888
667200.0 7486.494233184879
666200.0 7501.328215465111
665200.0 7516.20679781233
664200.0 7531.130181672186
663200.0 7546.098569705324
662200.0 7561.112165796551
661200.0 7576.171175064095
660200.0 7591.275803868957
659200.0 7606.426259824318
658200.0 7621.622751805067
657200.0 7636.865489957393
656200.0 7652.15468570848
655200.0 7667.490551776265
654200.0 7682.873302179324
653200.0 7698.303152246814
652200.0 7713.780318628524
651200.0 7729.305019305019
650200.0 7744.877473597866
649200.0 7760.497902179972
648200.0 7776.166527085997
647200.0 7791.8835717228785
646200.0 7807.649260880458
645200.0 7823.463820742183
644200.0 7839.327478895935
643200.0 7855.24046434494
642200.0 7871.203007518797
641200.0 7887.215340284584
640200.0 7903.277695958109
639200.0 7919.390309315216
638200.0 7935.553416603245
637200.0 7951.767255552565
636200.0 7968.032065388243
635200.0 7984.348086841789
634200.0 8000.715562163054
633200.0 8017.1347351322065
632200.0 8033.605851071841
631200.0 8050.129156859194
630200.0 8066.704900938476
629200.0 8083.333333333331
628200.0 8100.014705659403
627200.0 8116.749271137026
626200.0 8133.537284604036
625200.0 8150.379002528714
624200.0 8167.274683022839
623200.0 8184.22458585488
622200.0 8201.228972463301
621200.0 8218.28810597001
620200.0 8235.40225119393
619200.0 8252.571674664698
618200.0 8269.7966446365
617200.0 8287.077431102058
616200.0 8304.41430580671
615200.0 8321.807542262679
614200.0 8339.257415763439
613200.0 8356.764203398254
612200.0 8374.328184066831
611200.0 8391.94963849414
610200.0 8409.628849245368
609200.0 8427.366100741017
608200.0 8445.161679272169
607200.0 8463.015873015873
606200.0 8480.928972050713
605200.0 8498.901268372516
604200.0 8516.933055910215
603200.0 8535.024630541871
602200.0 8553.176290110863
601200.0 8571.388334442227
600200.0 8589.661065359165
599200.0 8607.994786699726
598200.0 8626.389804333636
597200.0 8644.846426179312
596200.0 8663.364962221049
595200.0 8681.94572452637
594200.0 8700.589027263546
593200.0 8719.295186719326
592200.0 8738.064521316799
591200.0 8756.897351633479
590200.0 8775.79400041955
589200.0 8794.754792616299
588200.0 8813.78005537475
587200.0 8832.870118074477
586200.0 8852.02531234261
585200.0 8871.245972073039
584200.0 8890.532433445816
583200.0 8909.885034946763
582200.0 8929.30411738725
581200.0 8948.790023924228
580200.0 8968.343100080432
579200.0 8987.963693764797
578200.0 9007.65215529311
577200.0 9027.408837408837
576200.0 9047.234095304208
575200.0 9067.1282866415
574200.0 9087.09177157453
573200.0 9107.12491277041
572200.0 9127.2280754315
571200.0 9147.401627317593
570200.0 9167.64593876835
569200.0 9187.961382725964
568200.0 9208.34833475805
567200.0 9228.807173080797
566200.0 9249.338278582361
565200.0 9269.942034846492
564200.0 9290.61882817643
563200.0 9311.369047619048
562200.0 9332.19308498924
561200.0 9353.091334894612
560200.0 9374.064194760373
559200.0 9395.112064854553
558200.0 9416.235348313456
557200.0 9437.4344511674
556200.0 9458.70978236674
555200.0 9480.061753808151
554200.0 9501.490780361222
553200.0 9522.997279895326
552200.0 9544.581673306771
551200.0 9566.244384546271
550200.0 9587.98584064669
549200.0 9609.806471751119
548200.0 9631.706711141223
547200.0 9653.686995265942
546200.0 9675.747763770467
545200.0 9697.889459525553
544200.0 9720.11252865718
543200.0 9742.417420576476
542200.0 9764.804588010047
541200.0 9787.274487030585
540200.0 9809.827577087852
539200.0 9832.46432103999
538200.0 9855.185185185184
537200.0 9877.99063929369
536200.0 9900.881156640202
535200.0 9923.857214036587
534200.0 9946.919291865006
533200.0 9970.067874111382
532200.0 9993.303448399278
531200.0 10016.626506024095
530200.0 10040.037541987747
529200.0 10063.537055033652
528200.0 10087.125547682155
527200.0 10110.803526266349
526200.0 10134.571500968308
525200.0 10158.42998585573
524200.0 10182.379498918988
523200.0 10206.420562108635
522200.0 10230.553701373308
521200.0 10254.779446698094
520200.0 10279.098332143316
519200.0 10303.510895883777
518200.0 10328.017680248478
517200.0 10352.619231760762
516200.0 10377.316101178945
515200.0 10402.108843537415
514200.0 10426.998018188215
513200.0 10451.984188843111
512200.0 10477.067923616145
511200.0 10502.249795066695
510200.0 10527.53038024304
509200.0 10552.910260726441
508200.0 10578.390022675736
507200.0 10603.970256872464
506200.0 10629.651558766534
505200.0 10655.434528522415
504200.0 10681.319771065902
503200.0 10707.307896131424
502200.0 10733.39951830991
501200.0 10759.595257097253
500200.0 10785.895736943317
499200.0 10812.301587301587
498200.0 10838.81344267936
497200.0 10865.43194268858
496200.0 10892.15773209727
495200.0 10918.991460881605
494200.0 10945.933784278584
493200.0 10972.985362839378
492200.0 11000.146862483312
491200.0 11027.418954552502
490200.0 11054.802315867188
489200.0 11082.297628781684
488200.0 11109.905581241099
487200.0 11137.62686683869
486200.0 11165.46218487395
485200.0 11193.412240411417
484200.0 11221.477744340198
483200.0 11249.659413434247
482200.0 11277.957970413381
481200.0 11306.374144005067
480200.0 11334.90866900696
479200.0 11363.562286350267
478200.0 11392.335743163847
477200.0 11421.22979283918
476200.0 11450.245195096095
475200.0 11479.38271604938
474200.0 11508.643128276193
473200.0 11538.027210884355
472200.0 11567.535749581491
471200.0 11597.169536745088
470200.0 11626.929371493386
469200.0 11656.816059757235
468200.0 11686.83041435284
467200.0 11716.973255055445
466200.0 11747.245408673978
465200.0 11777.647709126642
464200.0 11808.18099751749
463200.0 11838.846122213998
462200.0 11869.643938925634
461200.0 11900.575310783463
460200.0 11931.64110842077
459200.0 11962.842210054752
458200.0 11994.179501569288
457200.0 12025.653876598757
456200.0 12057.266236613013
455200.0 12089.017491003431
454200.0 12120.908557170116
453200.0 12152.940360610262
452200.0 12185.113835007685
451200.0 12217.42992232354
450200.0 12249.88957288824
449200.0 12282.493745494636
448200.0 12315.243407492402
447200.0 12348.13953488372
446200.0 12381.183112420225
445200.0 12414.37513370128
444200.0 12447.716601273556
443200.0 12481.208526731993
442200.0 12514.85193082208
441200.0 12548.647843543584
440200.0 12582.59730425564
439200.0 12616.701361783329
438200.0 12650.961074525658
437200.0 12685.377510565066
436200.0 12719.95174777843
435200.0 12754.684873949578
434200.0 12789.577986883374
433200.0 12824.632194521393
432200.0 12859.848615059165
431200.0 12895.22837706511
430200.0 12930.772619601072
429200.0 12966.48249234456
428200.0 13002.35915571273
427200.0 13038.403780988052
426200.0 13074.6175504458
425200.0 13111.001657483312
424200.0 13147.557306751083
423200.0 13184.285714285712
422200.0 13221.188107644764
421200.0 13258.265726043506
420200.0 13295.519820493644
419200.0 13332.95165394402
418200.0 13370.562501423334
417200.0 13408.353650184907
416200.0 13446.326399853548
415200.0 13484.482062574549
414200.0 13522.821963164793
413200.0 13561.347439266121
412200.0 13600.05984150089
411200.0 13638.960533629794
410200.0 13678.050892712034
409200.0 13717.332309267793
408200.0 13756.80618744313
407200.0 13796.473945177282
406200.0 13836.337014372464
405200.0 13876.396841066138
404200.0 13916.6548856059
403200.0 13957.112622826908
402200.0 13997.771542232009
401200.0 14038.633148174524
400200.0 14079.698960043788
399200.0 14120.970512453478
398200.0 14162.44935543278
397200.0 14204.137054620438
396200.0 14246.035191461744
395200.0 14288.14536340852
394200.0 14330.469184122154
393200.0 14373.008283679697
392200.0 14415.764308783177
391200.0 14458.73892297205
390200.0 14501.933806838982
389200.0 14545.350658248912
388200.0 14588.991192561518
387200.0 14632.857142857143
386200.0 14676.950260166208
385200.0 14721.27231370222
384200.0 14765.825091098384
383200.0 14810.610398647977
382200.0 14855.630061548429
381200.0 14900.885924149303
380200.0 14946.379850204154
379200.0 14992.113723126378
378200.0 15038.08944624915
377200.0 15084.308943089429
376200.0 15130.77415761626
375200.0 15177.4870545233
374200.0 15224.44961950574
373200.0 15271.663859541672
372200.0 15319.131803178014
371200.0 15366.855500821015
370200.0 15414.837025031513
369200.0 15463.078470824948
368200.0 15511.581955976306
367200.0 15560.349621330013
366200.0 15609.383631114923
365200.0 15658.686173264487
364200.0 15708.259459742161
363200.0 15758.105726872245
362200.0 15808.22723567616
361200.0 15858.626272214315
360200.0 15909.305147933686
359200.0 15960.266200021211
358200.0 16011.511791763047
357200.0 16063.044312909935
356200.0 16114.866180048664
355200.0 16166.97983697984
354200.0 16219.387755102038
353200.0 16272.09243380251
352200.0 16325.096400854492
351200.0 16378.402212821346
350200.0 16432.012455467622
349200.0 16485.929744177167
348200.0 16540.156724378434
347200.0 16594.696071977178
346200.0 16649.55049379659
345200.0 16704.72272802516
344200.0 16760.215544672257
343200.0 16816.031746031746
342200.0 16872.17416715371
341200.0 16928.64567632446
340200.0 16985.449175554997
339200.0 17042.587601078165
338200.0 17100.063923854577
337200.0 17157.881150087556
336200.0 17216.042321747256
335200.0 17274.550517104217
334200.0 17333.408851272405
333200.0 17392.62047676213
332200.0 17452.188584042888
331200.0 17512.116402116397
330200.0 17572.40719910011
329200.0 17633.06428282127
328200.0 17694.091001421897
327200.0 17755.49074397485
326200.0 17817.266941111204
325200.0 17879.42306565923
324200.0 17941.96263329514
323200.0 18004.889203206036
322200.0 18068.20637876504
321200.0 18131.917808219176
320200.0 18196.02718539008
319200.0 18260.538250387875
318200.0 18325.45479033851
317200.0 18390.7806401249
316200.0 18456.519683142073
315200.0 18522.67585206671
314200.0 18589.253129641416
313200.0 18656.255549473943
312200.0 18723.687196851835
311200.0 18791.552209572776
310200.0 18859.854778790945
309200.0 18928.599149879876
308200.0 18997.789623312012
307200.0 19067.43055555556
306200.0 19137.526359988802
305200.0 19208.081507832485
304200.0 19279.100529100528
303200.0 19350.588013569544
302200.0 19422.54861176767
301200.0 19494.98703598305
300200.0 19567.90806129247
299200.0 19641.31652661064
298200.0 19715.217335760593
297200.0 19789.61545856566
296200.0 19864.5159319636
295200.0 19939.923861143372
294200.0 20015.844420705056
293200.0 20092.282855843565
292200.0 20169.2444835566
291200.0 20246.734693877548
290200.0 20324.758951133863
289200.0 20403.32279523151
288200.0 20482.431842966194
287200.0 20562.09178936198
286200.0 20642.308409037963
285200.0 20723.087557603685
284200.0 20804.43517308401
283200.0 20886.357277374223
282200.0 20968.859977726028
281200.0 21051.949468265255
280200.0 21135.632031542096
279200.0 21219.914040114614
278200.0 21304.801958166445
277200.0 21390.30234315949
276200.0 21476.4218475225
275200.0 21563.167220376523
274200.0 21650.545309298046
273200.0 21738.5630621209
272200.0 21827.227528777858
271200.0 21916.54586318303
270200.0 22006.52532515597
269200.0 22097.173282388736
268200.0 22188.497212456943
267200.0 22280.50470487596
266200.0 22373.203463203467
265200.0 22466.601307189543
264200.0 22560.706174975665
263200.0 22655.526125343757
262200.0 22751.069340016707
261200.0 22847.344126011812
260200.0 22944.358918048387
259200.0 23042.122281011172
258200.0 23140.642912470954
257200.0 23239.929645264012
256200.0 23339.991450131965
255200.0 23440.83743842364
254200.0 23542.476864860815
253200.0 23644.919130369366
252200.0 23748.173784977906
251200.0 23852.250530785557
250200.0 23957.159225000953
249200.0 24062.909883054344
248200.0 24169.512681785043
247200.0 24276.977962706114
246200.0 24385.31623534873
245200.0 24494.538180688265
244200.0 24604.654654654656
243200.0 24715.67669172932
242200.0 24827.615508631196
241200.0 24940.482508094447
240200.0 25054.28928274057
239200.0 25169.047619047615
238200.0 25284.769501419374
237200.0 25401.467116357504
236200.0 25519.15285673965
235200.0 25637.839326206675
234200.0 25757.539343662313
233200.0 25878.26594788859
232200.0 26000.032402280463
231200.0 26122.85219970341
230200.0 26246.739067477552
229200.0 26371.70697249231
228200.0 26497.77012645549
227200.0 26624.94299128102
226200.0 26753.240284619595
225200.0 26882.676985536666
224200.0 27013.26834034238
223200.0 27145.029868578255
222200.0 27277.97736916549
221200.0 27412.126926720055
220200.0 27547.49491803988
219200.0 27684.09801876955
218200.0 27821.953210248346
217200.0 27961.077786547397
216200.0 28101.489361702126
215200.0 28243.2058771464
214200.0 28386.24560935485
213200.0 28530.627177700346
212200.0 28676.369552533546
211200.0 28823.492063492064
210200.0 28972.014408046758
209200.0 29121.95666029318
208200.0 29273.339279996337
207200.0 29426.18312189741
206200.0 29580.509445291205
205200.0 29736.339923883785
204200.0 29893.696655939555
203200.0 30052.60217472816
202200.0 30213.079459281238
201200.0 30375.151945470036
200200.0 30538.843537414963
199200.0 30704.17861923886
198200.0 30871.182067176018
197200.0 31039.879262049646
196200.0 31210.296102130964
195200.0 31382.459016393444
194200.0 31556.394978176642
193200.0 31732.13151927437
192200.0 31909.696744462617
191200.0 32089.11934648336
190200.0 32270.42862150118
189200.0 32453.65448504983
188200.0 32638.827488487426
187200.0 32825.978835978836
186200.0 33015.14040202547
185200.0 33206.34474956289
184200.0 33399.625148647945
183200.0 33595.01559575795
182200.0 33792.55083372537
181200.0 33992.2663723326
180200.0 34194.19850959251
179200.0 34398.384353741494
178200.0 34604.86184597296
177200.0 34813.66978394066
176200.0 35024.847846062374
175200.0 35238.436616655796
174200.0 35454.477611940296
173200.0 35673.01330693941
172200.0 35894.08716332061
171200.0 36117.743658210944
170200.0 36344.028314028306
169200.0 36572.98772937071
168200.0 36804.66961100731
167200.0 37039.12280701754
166200.0 37276.39734112659
165200.0 37516.54444828779
164200.0 37759.616611565456
163200.0 38005.667600373476
162200.0 38254.752510128594
161200.0 38506.92780337941
160200.0 38762.251352476065
159200.0 39020.782483847805
158200.0 39282.58202396002
157200.0 39547.71234702532
156200.0 39816.23742454728
155200.0 40088.22287677958
154200.0 40363.73602618739
153200.0 40642.84595300261
152200.0 40925.62355296915
151200.0 41212.1415973797
150200.0 41502.474795510745
149200.0 41796.69985956849
148200.0 42094.895572263995
147200.0 42397.142857142855
146200.0 42703.52485180118
145200.0 43014.12698412698
144200.0 43329.03705171389
143200.0 43648.345304602284
142200.0 43972.14453151162
141200.0 44300.530149736944
140200.0 44633.60029889274
139200.0 44971.45593869732
138200.0 45314.20095100269
137200.0 45661.94224628627
136200.0 46014.78987483393
135200.0 46372.85714285714
134200.0 46736.26073380172
133200.0 47105.120835120826
132200.0 47479.561270801816
131200.0 47859.70963995354
130200.0 48245.69746178041
129200.0 48637.6603272888
128200.0 49035.73805809374
127200.0 49440.07487271638
126200.0 49850.81956078786
125200.0 50268.125665601714
124200.0 50692.151675484994
123200.0 51123.0612244898
122200.0 51561.02330293819
121200.0 52006.21247839069
120200.0 52458.80912764439
119200.0 52918.99968040907
118200.0 53386.976875352506
117200.0 53862.940029254016
116200.0 54347.095320055734
115200.0 54839.65608465608
114200.0 55340.84313234926
113200.0 55850.88507487801
112200.0 56370.01867413632
111200.0 56898.489208633095
110200.0 57436.55085990839
109200.0 57984.467120181405
108200.0 58542.51122260364
107200.0 59110.96659559346
106200.0 59690.1273428392
105200.0 60280.29875067897
104200.0 60881.7978246961
103200.0 61494.953857512
102200.0 62120.10902991333
101200.0 62757.619047619046
100200.0 63407.85381617717
99200.0 64071.19815668203
98200.0 64748.0525652216
97200.0 65438.83401920439
96200.0 66143.97683397683
95200.0 66863.93357342937
94200.0 67599.17601860278
93200.0 68350.19619865115
92200.0 69117.50748889578
91200.0 69901.64578111946
90200.0 70703.17073170732
89200.0 71522.66709374332
88200.0 72360.74613972573
87200.0 73218.04718217562
86200.0 74095.23920008838
85200.0 74993.02257992397
84200.0 75912.13098065829
83200.0 76853.33333333333
82200.0 77817.43598656009
81200.0 78805.28501055595
80200.0 79817.76867355421
79200.0 80855.82010582011
78200.0 81920.42016806724
77200.0 83012.60054280779
76200.0 84133.44706911636
75200.0 85284.10334346503
74200.0 86465.77461173148
73200.0 87679.73198022379
72200.0 88927.31697665215
71200.0 90209.94649545211
70200.0 91529.11816578482
69200.0 92886.4161849711
68200.0 94283.51766513055
67200.0 95722.19954648527
66200.0 97204.34613724644
65200.0 98731.95734735613
64200.0 100307.15769173711
63200.0 101932.2061482821
62200.0 103609.50696677384
61200.0 105341.62153750392
60200.0 107131.28144280969
59200.0 108981.40283140284
58200.0 110895.10227458681
57200.0 112875.71428571429
56200.0 114926.81071004915
55200.0 117052.22222222222
54200.0 119256.06220347919
53200.0 121542.75331185106
52200.0 123917.05710636746
51200.0 126384.10714285716
50200.0 128949.44602542212
49200.0 131619.06697638409
48200.0 134399.46058091286
47200.0 137297.66747376916
46200.0 140321.33786848074
45200.0 143478.798988622
44200.0 146779.13165266108
43200.0 150232.2574955908
42200.0 153849.03859174004
41200.0 157641.39158576055
40200.0 161622.4188580905
39200.0 165806.55976676388
38200.0 170209.76564447768
37200.0 174849.70302099333
36200.0 179745.9905288082
35200.0 184920.4761904762
34200.0 190397.56335282652
33200.0 196204.59552495694
32200.0 202372.31292517003
31200.0 208935.39682539683
30200.0 215933.1220435194
29200.0 223410.14350945852
28200.0 231417.45018574802
27200.0 240013.52941176467
26200.0 249265.79789167576
25200.0 259252.37339380197
24200.0 270064.2857142857
23200.0 281808.25944170763
22200.0 294610.2488202488
21200.0 308619.97304582206
20200.0 324016.798679868
19200.0 341017.4603174603
18200.0 359886.3265306122
17200.0 380949.2469545958
16200.0 404612.5279247502
15200.0 431389.39849624055
14200.0 461937.6592890677
13200.0 497114.44444444444
12200.0 538057.9156908664
11200.0 586312.7210884354
10200.0 644029.2530345471
9200.0 714292.8571428572
8200.0 801693.925667828
7200.0 913373.0687830689
6200.0 1061077.7419354839
5200.0 1265591.9047619046
4200.0 1567493.7641723356
3200.0 2058084.2857142857
2200.0 2994666.1904761903
